  2.01359305
 -0.58189135
 -0.08789199
 -1.21735429
 -0.90855405
  0.13933868
  0.48744304
  0.54505557
  0.44435650
 -0.95931007
  0.61160411
 -0.49413422
 -0.31127015
 -2.28209248
 -1.05697851
 -1.84903264
 -0.35138057
 -0.93298166
 -0.45306035
  0.26415229
 -1.39016229
  0.74564151
  0.91732305
 -0.17763276
 -0.19734845
 -0.17145858
  0.60090073
  0.08579861
 -0.75291975
 -0.79675753
 -0.48925997
 -0.59963136
 -0.44197303
  0.14826199
 -0.60792625
  0.86029560
 -0.30018697
  0.37852524
 -0.41257880
  0.67274012
 -1.28188033
 -1.53236131
 -0.73501671
  2.24465140
  1.67237519
  0.72110856
 -0.18777805
 -0.47316355
 -0.24967615
  0.24774919
  1.50017542
  0.66243976
  1.43411089
 -1.16672129
 -2.21158704
 -0.35801434
 -1.24531894
  0.24182652
 -1.36997339
  0.43618038
 -0.49569396
  0.31343215
 -0.16617831
  1.38983750
 -1.10375486
 -0.32485980
 -1.45415552
 -1.64104908
  1.31465580
 -0.33717824
  0.07172783
 -0.63732892
  0.30659456
 -0.19212251
  0.14560734
 -0.92230053
 -0.33913365
  1.49410649
  0.75020564
  0.19516119
 -0.86605315
  0.23838552
 -2.12603572
  0.98687148
 -0.28068105
  0.03912702
  2.13008542
  0.57285383
  1.13854381
  0.97948302
 -0.34953983
 -0.05881694
  0.04466375
 -0.36642884
 -0.23154970
 -1.87363196
  0.05987383
 -0.15265176
 -1.61521778
 -0.57078958
 -1.45471102
  0.25151031
  0.65694676
  2.31621994
 -0.36590718
 -0.16218204
  0.37078880
  0.28257122
  2.26610150
  0.33890466
  2.02431511
  0.87962094
  1.48131814
 -0.98429953
  1.53871678
 -0.88447683
  1.32568658
 -1.16743146
  2.74768438
  0.70018581
  0.23896531
 -0.16489609
  0.06748564
  0.13325462
  0.12774631
  0.33484822
 -1.06110779
 -0.41611803
  0.45515709
  0.04821302
 -0.39340300
  0.70813800
  0.90569514
 -0.33060358
 -0.99379851
  1.06304009
 -0.25581424
 -0.59911598
  1.76172423
  1.07935615
 -0.90791876
  1.73718201
 -1.68153438
  0.58792778
  1.05057852
 -0.24505330
 -1.61161306
 -0.64479643
 -0.55664491
  0.64649223
 -0.04269217
  0.01912670
  0.96367591
 -0.64882958
 -0.81445255
 -0.28018357
 -1.34012306
 -1.17993480
 -0.23803818
 -0.76595519
 -0.85912552
 -0.38516130
  1.27901212
  1.24819475
  0.23840118
  0.21494876
 -0.76326912
 -1.02466925
 -0.67414323
  1.11414843
  0.95190822
  0.84399341
 -0.37537098
  0.99027412
  0.04127846
 -1.11669932
  1.07421219
 -0.68018648
 -0.59411986
 -0.59168750
  1.16306946
 -1.23041594
  0.30648276
  0.17489019
  0.68735728
  0.59542585
  1.01642040
  1.05489269
 -0.38318249
  1.08205218
  0.10836270
  1.22930726
  1.35550743
  0.90803628
 -0.34021928
  0.25362107
  0.06677914
  0.21554607
 -0.64564743
  0.07863551
  0.39324710
  1.65181621
 -1.02993990
  1.36277463
 -1.31794116
 -1.29019778
  0.81718171
 -0.40435710
  1.70423342
  0.55859060
  0.97165899
 -0.93983148
 -0.66089444
  2.09359680
  0.61628068
 -1.50291290
 -1.50465149
 -1.70152598
 -0.25510650
  2.65130740
 -1.83568579
  0.14003721
  1.91744684
  0.97517612
  2.18856676
 -1.74799050
 -0.07660394
 -0.67205288
 -0.52962192
  1.29063512
 -0.59190805
  0.28523685
  1.20318069
  0.52652967
  1.41318061
 -0.62304105
  0.91694377
 -1.51152800
  0.51555739
  0.41631466
 -0.40032029
  0.60957051
 -2.36922521
  1.83195524
 -0.93775929
  0.42964124
  0.61244844
 -1.63041448
 -0.47346765
 -1.64768902
  0.77810457
  0.07837840
  1.21361279
 -0.99112415
  0.89442533
  0.25045692
 -0.15393253
  1.11798608
 -1.52277036
 -0.55565268
 -0.40576637
 -0.89132317
 -0.49706111
  2.27431051
  0.56325925
  0.26717701
  0.19364114
 -0.26263144
  0.10817342
  0.68740320
 -0.13161233
 -1.48121870
  0.62954844
 -1.45763126
  0.25970443
  0.72504307
 -0.47561636
  0.47087426
  1.73714667
  0.11221594
 -0.12576003
  1.24088476
 -0.60300204
  1.66157519
  1.89898321
  0.22312120
  0.60867865
 -1.00202720
 -0.08251681
  1.73989409
  0.30092909
 -0.14650138
  1.86418627
 -0.42911800
 -0.06145588
 -0.02152455
  1.53057016
  0.71117404
 -0.43151512
  0.74852657
  0.39691556
 -3.91568953
 -0.46844171
 -0.60270661
  0.41189865
  0.32532103
  1.08853915
 -0.53749342
  0.07067838
 -0.40028202
  1.73850477
 -0.13141000
 -0.90425819
  1.63232311
 -1.79091144
 -0.64694308
 -0.94155956
 -0.65255798
 -0.59884751
  1.42572276
  0.28285693
  2.59739069
 -0.51640515
 -0.07731738
 -0.04261876
  1.21975726
  0.22539762
 -0.05639135
 -0.15854877
  1.33683320
  0.44065546
 -0.27644594
  0.11464448
  2.22335843
  1.52051139
 -0.38182842
 -0.28230943
  0.51400050
 -0.90271744
 -0.24813874
 -1.10318241
 -1.87387254
 -0.42418069
 -0.11914464
  0.52653641
 -0.09676162
 -1.74809643
  0.61422725
 -0.74851137
 -1.24585817
  1.32395776
  0.46966606
  0.05186262
  0.16617721
  1.69547196
 -0.51870938
 -0.58338782
 -1.63614589
  1.09261940
  0.53513013
  0.46187501
 -1.01431382
 -0.37600364
  0.20958497
  0.54503166
 -0.37822465
 -1.91035099
 -0.95671856
  0.23047966
 -0.18923250
  1.55924724
 -1.80059293
 -1.45222691
  0.28713457
 -1.31652124
  1.10480305
  0.63968060
 -0.20490722
 -1.31065132
  0.12331270
  0.70413119
  0.35121051
 -0.37300736
 -0.18361348
  1.26573478
  1.01425118
  0.55714350
 -1.33820824
 -2.60917059
 -0.89574857
 -0.93663651
 -0.46064930
 -0.62082749
  0.61913059
 -0.67971506
  1.66893995
 -0.11991378
  0.05751461
 -1.99456637
 -0.86541614
