-1.021929e+00
-4.415768e-01
-7.977481e-01
1.990577e-01
-2.472693e-01
1.102119e+00
7.652768e-02
-2.484784e-01
-4.226300e-01
1.403160e-01
-1.842090e+00
5.369103e-01
-1.158535e+00
-1.152555e+00
4.671277e-02
2.126430e-02
-6.087209e-01
4.873867e-01
9.302722e-01
4.209107e-01
5.900280e-01
-2.797603e-01
-1.260627e-01
9.154610e-02
-1.211377e+00
4.282157e-01
-1.132443e+00
2.118324e-01
1.842556e-01
1.091050e+00
-1.097826e+00
-5.020488e-01
9.744578e-01
8.980310e-01
-1.348531e+00
5.824106e-01
1.069501e+00
9.169850e-01
7.001458e-01
-2.803272e-01
-1.129400e+00
-2.825967e-01
3.556342e-01
-1.497443e+00
4.435505e-01
-2.324359e-01
5.081658e-01
-1.315955e+00
-3.624792e-01
-1.268766e+00
-7.144287e-01
-1.829513e+00
1.685942e+00
-1.244496e+00
-1.659411e+00
3.186786e-01
-2.674146e-01
1.736829e+00
1.003175e-01
1.423351e+00
3.146142e+00
6.923989e-02
-4.503867e-01
1.447458e+00
5.217789e-01
-9.686501e-01
1.688597e+00
1.009956e+00
-2.805942e-01
7.772043e-01
-4.581413e-01
1.140508e-01
-1.611636e+00
8.763283e-01
-8.104754e-02
1.235041e+00
4.471562e-01
-1.946716e-01
-6.720413e-01
1.073231e+00
-1.083201e+00
-6.980933e-01
4.122650e-01
8.210068e-01
-4.730420e-01
-4.766772e-01
2.519848e-06
9.118787e-02
5.645087e-01
4.358473e-01
8.305244e-01
1.024456e+00
5.310141e-01
-6.214698e-01
1.110280e+00
1.028660e+00
1.078021e+00
-4.349280e-01
-7.384452e-01
-2.493865e-01
1.154715e+00
3.588395e-02
8.135988e-01
-3.400151e-01
6.989420e-01
4.809339e-02
9.981110e-01
-1.165062e+00
1.587301e+00
4.339817e-01
-3.069548e-01
-1.505595e+00
4.121003e-01
6.871493e-01
-3.568081e-01
-6.463934e-02
8.954872e-01
-1.190528e-01
5.143080e-01
1.003302e+00
1.643702e+00
8.346629e-01
3.642145e-01
-8.210434e-01
-1.575101e+00
4.001291e-01
1.026240e+00
6.882111e-01
4.938416e-01
-5.836924e-02
-5.494403e-02
1.548514e+00
8.349017e-01
2.804097e-01
2.352631e-01
1.482341e-02
2.353903e+00
1.061799e+00
-5.867753e-01
1.578850e+00
-1.234486e+00
1.210622e-01
2.221188e-02
-3.113162e-02
1.121772e+00
1.688851e+00
1.342507e+00
-2.000421e-01
-7.022219e-01
-2.097684e+00
