-0.12023
1.04667
-0.01850
-0.11025
0.94241
-0.04533
-0.06144
1.11101
-0.03315
-0.12086
1.03149
-0.04877
-0.12671
1.05483
-0.08935
-0.11835
0.92027
-0.12038
-0.11734
0.95503
-0.10070
-0.15924
1.03403
-0.14633
-0.16975
1.03793
-0.15459
-0.18786
1.02792
-0.16806
-0.20706
1.00843
-0.16083
-0.22868
1.00307
-0.17669
-0.24332
0.99580
-0.17686
-0.25940
0.98771
-0.17796
-0.29023
0.97395
-0.17157
-0.30165
0.96440
-0.16414
-0.32020
0.95375
-0.15380
-0.33702
0.91286
-0.15451
-0.35462
0.93049
-0.13171
-0.36027
0.92544
-0.11314
-0.37765
0.88894
-0.10056
-0.37757
0.88424
-0.06626
-0.35734
0.79575
-0.04320
-0.39289
0.90772
-0.04045
-0.39652
0.91285
-0.01899
-0.39206
0.92328
0.00225
-0.39345
0.92857
0.02265
-0.38929
0.93358
0.04394
-0.37970
0.95688
0.06570
-0.37287
0.96809
0.08499
-0.35905
0.98409
0.10134
-0.34670
1.00528
0.11691
-0.34011
1.06982
0.14468
-0.30687
1.05125
0.15120
-0.26464
1.09808
0.18941
-0.26516
1.09027
0.17022
-0.24705
1.11145
0.17908
-0.22096
1.12611
0.18238
-0.19461
1.15305
0.17893
-0.17579
1.16918
0.16894
-0.15406
1.18527
0.16558
-0.13400
1.19897
0.15262
-0.10980
1.27584
0.14920
-0.09367
1.22764
0.11729
-0.07242
1.31972
0.12441
-0.07270
1.25159
0.07495
-0.05864
1.26326
0.05388
-0.05587
1.26563
0.03229
-0.05691
1.27884
0.00577
-0.05896
1.27614
-0.01527
-0.10577
0.17955
0.14584
0.09014
0.06396
-0.02539
0.77993
0.03180
-0.02505
-0.00400
-0.02175
0.00435
