-0.1202
1.0467
-0.0185
-0.1102
0.9424
-0.0453
-0.0614
1.1110
-0.0332
-0.1209
1.0315
-0.0488
-0.1267
1.0548
-0.0893
-0.1183
0.9203
-0.1204
-0.1173
0.9550
-0.1007
-0.1592
1.0340
-0.1463
-0.1697
1.0379
-0.1546
-0.1879
1.0279
-0.1681
-0.2071
1.0084
-0.1608
-0.2287
1.0031
-0.1767
-0.2433
0.9958
-0.1769
-0.2594
0.9877
-0.1780
-0.2902
0.9740
-0.1716
-0.3017
0.9644
-0.1641
-0.3202
0.9537
-0.1538
-0.3370
0.9129
-0.1545
-0.3546
0.9305
-0.1317
-0.3603
0.9254
-0.1131
-0.3776
0.8889
-0.1006
-0.3776
0.8842
-0.0663
-0.3573
0.7957
-0.0432
-0.3929
0.9077
-0.0404
-0.3965
0.9128
-0.0190
-0.3921
0.9233
0.0023
-0.3935
0.9286
0.0226
-0.3893
0.9336
0.0439
-0.3797
0.9569
0.0657
-0.3729
0.9681
0.0850
-0.3591
0.9841
0.1013
-0.3467
1.0053
0.1169
-0.3401
1.0698
0.1447
-0.3069
1.0512
0.1512
-0.2646
1.0981
0.1894
-0.2652
1.0903
0.1702
-0.2470
1.1115
0.1791
-0.2210
1.1261
0.1824
-0.1946
1.1531
0.1789
-0.1758
1.1692
0.1689
-0.1541
1.1853
0.1656
-0.1340
1.1990
0.1526
-0.1098
1.2758
0.1492
-0.0937
1.2276
0.1173
-0.0724
1.3197
0.1244
-0.0727
1.2516
0.0749
-0.0586
1.2633
0.0539
-0.0559
1.2656
0.0323
-0.0569
1.2788
0.0058
-0.0590
1.2761
-0.0153
