0.6640
-0.0881
-0.3211
0.0000
0.0000
0.0000
0.0000
0.0000
0.0000
0.0000
0.0000
0.0000
0.0000
0.0000
0.0000
0.0000
0.0000
0.0000
0.0000
0.0000
0.0000
0.0000
0.0000
0.0000
0.0000
0.0000
0.0000
0.0000
0.0000
0.0000
0.0511
0.0012
-0.0096
-0.0072
0.2270
-0.0101
0.0363
-0.0027
0.0094
0.0210
0.1984
-0.0234
-0.0881
0.0573
0.1401
0.0000
0.0000
0.0000
0.0000
0.0000
0.0000
0.0000
0.0000
0.0000
0.0000
0.0000
0.0000
0.0000
0.0000
0.0000
0.0000
0.0000
0.0000
0.0000
0.0000
0.0000
0.0000
0.0000
0.0000
0.0000
0.0000
0.0000
0.0171
-0.0025
-0.0031
0.0099
0.0758
-0.0057
-0.0092
-0.0045
-0.0016
0.0220
-0.0495
0.0126
-0.3211
0.1401
0.5203
0.0000
0.0000
0.0000
0.0000
0.0000
0.0000
0.0000
0.0000
0.0000
0.0000
0.0000
0.0000
0.0000
0.0000
0.0000
0.0000
0.0000
0.0000
0.0000
0.0000
0.0000
0.0000
0.0000
0.0000
0.0000
0.0000
0.0000
-0.0001
-0.0542
0.0027
0.2331
-0.0028
-0.0433
-0.0002
-0.0377
0.0054
0.1976
0.0058
0.0484
0.0000
0.0000
0.0000
0.4922
-0.0333
-0.2247
0.0000
0.0000
0.0000
0.0000
0.0000
0.0000
0.0000
0.0000
0.0000
0.0000
0.0000
0.0000
0.0000
0.0000
0.0000
0.0000
0.0000
0.0000
0.0000
0.0000
0.0000
0.0000
0.0000
0.0000
0.0442
0.0021
-0.0060
-0.0121
0.2050
-0.0178
0.0377
-0.0036
0.0125
0.0301
0.2127
-0.0304
0.0000
0.0000
0.0000
-0.0333
0.0439
0.1026
0.0000
0.0000
0.0000
0.0000
0.0000
0.0000
0.0000
0.0000
0.0000
0.0000
0.0000
0.0000
0.0000
0.0000
0.0000
0.0000
0.0000
0.0000
0.0000
0.0000
0.0000
0.0000
0.0000
0.0000
0.0174
-0.0040
-0.0019
0.0176
0.0805
-0.0099
-0.0072
-0.0060
-0.0011
0.0297
-0.0385
0.0166
0.0000
0.0000
0.0000
-0.2247
0.1026
0.4021
0.0000
0.0000
0.0000
0.0000
0.0000
0.0000
0.0000
0.0000
0.0000
0.0000
0.0000
0.0000
0.0000
0.0000
0.0000
0.0000
0.0000
0.0000
0.0000
0.0000
0.0000
0.0000
0.0000
0.0000
-0.0001
-0.0478
0.0045
0.2199
-0.0033
-0.0288
-0.0002
-0.0382
0.0071
0.2022
0.0103
0.0617
0.0000
0.0000
0.0000
0.0000
0.0000
0.0000
0.3608
0.0043
-0.1583
0.0000
0.0000
0.0000
0.0000
0.0000
0.0000
0.0000
0.0000
0.0000
0.0000
0.0000
0.0000
0.0000
0.0000
0.0000
0.0000
0.0000
0.0000
0.0000
0.0000
0.0000
0.0369
0.0023
-0.0028
-0.0128
0.1818
-0.0208
0.0404
-0.0042
0.0172
0.0405
0.2399
-0.0364
0.0000
0.0000
0.0000
0.0000
0.0000
0.0000
0.0043
0.0367
0.0762
0.0000
0.0000
0.0000
0.0000
0.0000
0.0000
0.0000
0.0000
0.0000
0.0000
0.0000
0.0000
0.0000
0.0000
0.0000
0.0000
0.0000
0.0000
0.0000
0.0000
0.0000
0.0174
-0.0043
-0.0006
0.0209
0.0853
-0.0116
-0.0045
-0.0072
-0.0002
0.0364
-0.0230
0.0198
0.0000
0.0000
0.0000
0.0000
0.0000
0.0000
-0.1583
0.0762
0.3285
0.0000
0.0000
0.0000
0.0000
0.0000
0.0000
0.0000
0.0000
0.0000
0.0000
0.0000
0.0000
0.0000
0.0000
0.0000
0.0000
0.0000
0.0000
0.0000
0.0000
0.0000
-0.0001
-0.0409
0.0049
0.2034
-0.0022
-0.0134
-0.0002
-0.0389
0.0085
0.2062
0.0163
0.0796
0.0000
0.0000
0.0000
0.0000
0.0000
0.0000
0.0000
0.0000
0.0000
0.2731
0.0417
-0.0977
0.0000
0.0000
0.0000
0.0000
0.0000
0.0000
0.0000
0.0000
0.0000
0.0000
0.0000
0.0000
0.0000
0.0000
0.0000
0.0000
0.0000
0.0000
0.0346
0.0012
0.0008
-0.0055
0.1713
-0.0110
0.0490
-0.0040
0.0250
0.0398
0.2892
-0.0320
0.0000
0.0000
0.0000
0.0000
0.0000
0.0000
0.0000
0.0000
0.0000
0.0417
0.0344
0.0460
0.0000
0.0000
0.0000
0.0000
0.0000
0.0000
0.0000
0.0000
0.0000
0.0000
0.0000
0.0000
0.0000
0.0000
0.0000
0.0000
0.0000
0.0000
0.0204
-0.0023
0.0007
0.0117
0.1010
-0.0061
-0.0016
-0.0067
0.0004
0.0320
-0.0067
0.0171
0.0000
0.0000
0.0000
0.0000
0.0000
0.0000
0.0000
0.0000
0.0000
-0.0977
0.0460
0.2932
0.0000
0.0000
0.0000
0.0000
0.0000
0.0000
0.0000
0.0000
0.0000
0.0000
0.0000
0.0000
0.0000
0.0000
0.0000
0.0000
0.0000
0.0000
-0.0001
-0.0408
0.0026
0.2025
-0.0002
0.0053
-0.0002
-0.0448
0.0079
0.2176
0.0174
0.1047
0.0000
0.0000
0.0000
0.0000
0.0000
0.0000
0.0000
0.0000
0.0000
0.0000
0.0000
0.0000
0.2141
0.0510
-0.0543
0.0000
0.0000
0.0000
0.0000
0.0000
0.0000
0.0000
0.0000
0.0000
0.0000
0.0000
0.0000
0.0000
0.0000
0.0000
0.0317
-0.0005
0.0014
0.0025
0.1632
0.0041
0.0498
-0.0020
0.0272
0.0204
0.3051
-0.0151
0.0000
0.0000
0.0000
0.0000
0.0000
0.0000
0.0000
0.0000
0.0000
0.0000
0.0000
0.0000
0.0510
0.0276
0.0171
0.0000
0.0000
0.0000
0.0000
0.0000
0.0000
0.0000
0.0000
0.0000
0.0000
0.0000
0.0000
0.0000
0.0000
0.0000
0.0195
0.0007
0.0009
-0.0039
0.1007
0.0022
0.0002
-0.0030
0.0004
0.0145
0.0017
0.0077
0.0000
0.0000
0.0000
0.0000
0.0000
0.0000
0.0000
0.0000
0.0000
0.0000
0.0000
0.0000
-0.0543
0.0171
0.2478
0.0000
0.0000
0.0000
0.0000
0.0000
0.0000
0.0000
0.0000
0.0000
0.0000
0.0000
0.0000
0.0000
0.0000
0.0000
-0.0001
-0.0377
-0.0009
0.1942
-0.0008
0.0090
-0.0002
-0.0443
0.0037
0.2107
0.0084
0.1135
0.0000
0.0000
0.0000
0.0000
0.0000
0.0000
0.0000
0.0000
0.0000
0.0000
0.0000
0.0000
0.0000
0.0000
0.0000
0.1962
0.0475
-0.0340
0.0000
0.0000
0.0000
0.0000
0.0000
0.0000
0.0000
0.0000
0.0000
0.0000
0.0000
0.0000
0.0314
-0.0022
-0.0001
0.0116
0.1640
0.0198
0.0448
0.0002
0.0229
-0.0032
0.2795
0.0039
0.0000
0.0000
0.0000
0.0000
0.0000
0.0000
0.0000
0.0000
0.0000
0.0000
0.0000
0.0000
0.0000
0.0000
0.0000
0.0475
0.0211
-0.0036
0.0000
0.0000
0.0000
0.0000
0.0000
0.0000
0.0000
0.0000
0.0000
0.0000
0.0000
0.0000
0.0177
0.0038
0.0006
-0.0201
0.0924
0.0110
-0.0010
0.0010
-0.0005
-0.0048
-0.0059
-0.0026
0.0000
0.0000
0.0000
0.0000
0.0000
0.0000
0.0000
0.0000
0.0000
0.0000
0.0000
0.0000
0.0000
0.0000
0.0000
-0.0340
-0.0036
0.2265
0.0000
0.0000
0.0000
0.0000
0.0000
0.0000
0.0000
0.0000
0.0000
0.0000
0.0000
0.0000
-0.0001
-0.0365
-0.0044
0.1938
-0.0007
0.0011
-0.0002
-0.0402
-0.0009
0.1990
-0.0032
0.1015
0.0000
0.0000
0.0000
0.0000
0.0000
0.0000
0.0000
0.0000
0.0000
0.0000
0.0000
0.0000
0.0000
0.0000
0.0000
0.0000
0.0000
0.0000
0.2100
0.0370
-0.0298
0.0000
0.0000
0.0000
0.0000
0.0000
0.0000
0.0000
0.0000
0.0000
0.0332
-0.0034
-0.0034
0.0210
0.1742
0.0306
0.0371
0.0012
0.0158
-0.0132
0.2336
0.0135
0.0000
0.0000
0.0000
0.0000
0.0000
0.0000
0.0000
0.0000
0.0000
0.0000
0.0000
0.0000
0.0000
0.0000
0.0000
0.0000
0.0000
0.0000
0.0370
0.0149
-0.0149
0.0000
0.0000
0.0000
0.0000
0.0000
0.0000
0.0000
0.0000
0.0000
0.0150
0.0059
-0.0001
-0.0308
0.0781
0.0171
-0.0035
0.0027
-0.0012
-0.0141
-0.0212
-0.0077
0.0000
0.0000
0.0000
0.0000
0.0000
0.0000
0.0000
0.0000
0.0000
0.0000
0.0000
0.0000
0.0000
0.0000
0.0000
0.0000
0.0000
0.0000
-0.0298
-0.0149
0.2326
0.0000
0.0000
0.0000
0.0000
0.0000
0.0000
0.0000
0.0000
0.0000
-0.0001
-0.0369
-0.0069
0.1987
0.0024
-0.0160
-0.0002
-0.0347
-0.0029
0.1860
-0.0075
0.0781
0.0000
0.0000
0.0000
0.0000
0.0000
0.0000
0.0000
0.0000
0.0000
0.0000
0.0000
0.0000
0.0000
0.0000
0.0000
0.0000
0.0000
0.0000
0.0000
0.0000
0.0000
0.3395
0.0209
-0.0633
0.0000
0.0000
0.0000
0.0000
0.0000
0.0000
0.0454
-0.0052
-0.0090
0.0326
0.2127
0.0407
0.0351
0.0012
0.0101
-0.0112
0.1995
0.0143
0.0000
0.0000
0.0000
0.0000
0.0000
0.0000
0.0000
0.0000
0.0000
0.0000
0.0000
0.0000
0.0000
0.0000
0.0000
0.0000
0.0000
0.0000
0.0000
0.0000
0.0000
0.0209
0.0135
-0.0166
0.0000
0.0000
0.0000
0.0000
0.0000
0.0000
0.0158
0.0092
-0.0007
-0.0408
0.0723
0.0228
-0.0077
0.0028
-0.0019
-0.0139
-0.0434
-0.0077
0.0000
0.0000
0.0000
0.0000
0.0000
0.0000
0.0000
0.0000
0.0000
0.0000
0.0000
0.0000
0.0000
0.0000
0.0000
0.0000
0.0000
0.0000
0.0000
0.0000
0.0000
-0.0633
-0.0166
0.3730
0.0000
0.0000
0.0000
0.0000
0.0000
0.0000
-0.0001
-0.0486
-0.0106
0.2303
0.0077
-0.0382
-0.0002
-0.0334
-0.0030
0.1770
-0.0055
0.0499
0.0000
0.0000
0.0000
0.0000
0.0000
0.0000
0.0000
0.0000
0.0000
0.0000
0.0000
0.0000
0.0000
0.0000
0.0000
0.0000
0.0000
0.0000
0.0000
0.0000
0.0000
0.0000
0.0000
0.0000
0.3269
-0.0079
-0.1006
0.0000
0.0000
0.0000
0.0385
-0.0024
-0.0109
0.0191
0.2100
0.0206
0.0266
0.0001
0.0071
-0.0011
0.1729
0.0023
0.0000
0.0000
0.0000
0.0000
0.0000
0.0000
0.0000
0.0000
0.0000
0.0000
0.0000
0.0000
0.0000
0.0000
0.0000
0.0000
0.0000
0.0000
0.0000
0.0000
0.0000
0.0000
0.0000
0.0000
-0.0079
0.0087
0.0172
0.0000
0.0000
0.0000
0.0093
0.0041
-0.0021
-0.0197
0.0499
0.0116
-0.0064
0.0005
-0.0017
-0.0031
-0.0412
-0.0014
0.0000
0.0000
0.0000
0.0000
0.0000
0.0000
0.0000
0.0000
0.0000
0.0000
0.0000
0.0000
0.0000
0.0000
0.0000
0.0000
0.0000
0.0000
0.0000
0.0000
0.0000
0.0000
0.0000
0.0000
-0.1006
0.0172
0.3360
0.0000
0.0000
0.0000
-0.0001
-0.0390
-0.0048
0.2005
0.0062
-0.0547
-0.0002
-0.0269
-0.0004
0.1634
-0.0017
0.0433
0.0000
0.0000
0.0000
0.0000
0.0000
0.0000
0.0000
0.0000
0.0000
0.0000
0.0000
0.0000
0.0000
0.0000
0.0000
0.0000
0.0000
0.0000
0.0000
0.0000
0.0000
0.0000
0.0000
0.0000
0.0000
0.0000
0.0000
0.3772
-0.0332
-0.1574
0.0377
-0.0006
-0.0112
0.0048
0.2105
0.0046
0.0255
-0.0009
0.0067
0.0080
0.1686
-0.0085
0.0000
0.0000
0.0000
0.0000
0.0000
0.0000
0.0000
0.0000
0.0000
0.0000
0.0000
0.0000
0.0000
0.0000
0.0000
0.0000
0.0000
0.0000
0.0000
0.0000
0.0000
0.0000
0.0000
0.0000
0.0000
0.0000
0.0000
-0.0332
0.0169
0.0554
0.0084
0.0009
-0.0025
-0.0042
0.0470
0.0026
-0.0062
-0.0012
-0.0015
0.0071
-0.0411
0.0044
0.0000
0.0000
0.0000
0.0000
0.0000
0.0000
0.0000
0.0000
0.0000
0.0000
0.0000
0.0000
0.0000
0.0000
0.0000
0.0000
0.0000
0.0000
0.0000
0.0000
0.0000
0.0000
0.0000
0.0000
0.0000
0.0000
0.0000
-0.1574
0.0554
0.3539
-0.0001
-0.0380
-0.0011
0.1949
0.0011
-0.0575
-0.0002
-0.0259
0.0016
0.1610
0.0016
0.0416
0.0511
0.0171
-0.0001
0.0442
0.0174
-0.0001
0.0369
0.0174
-0.0001
0.0346
0.0204
-0.0001
0.0317
0.0195
-0.0001
0.0314
0.0177
-0.0001
0.0332
0.0150
-0.0001
0.0454
0.0158
-0.0001
0.0385
0.0093
-0.0001
0.0377
0.0084
-0.0001
0.4131
0.0000
-0.0485
0.0127
2.0584
0.0702
0.0000
0.0000
0.0000
0.0000
0.0000
0.0000
0.0012
-0.0025
-0.0542
0.0021
-0.0040
-0.0478
0.0023
-0.0043
-0.0409
0.0012
-0.0023
-0.0408
-0.0005
0.0007
-0.0377
-0.0022
0.0038
-0.0365
-0.0034
0.0059
-0.0369
-0.0052
0.0092
-0.0486
-0.0024
0.0041
-0.0390
-0.0006
0.0009
-0.0380
0.0000
0.4205
0.0139
-2.0715
-0.0131
0.2362
0.0000
0.0000
0.0000
0.0000
0.0000
0.0000
-0.0096
-0.0031
0.0027
-0.0060
-0.0019
0.0045
-0.0028
-0.0006
0.0049
0.0008
0.0007
0.0026
0.0014
0.0009
-0.0009
-0.0001
0.0006
-0.0044
-0.0034
-0.0001
-0.0069
-0.0090
-0.0007
-0.0106
-0.0109
-0.0021
-0.0048
-0.0112
-0.0025
-0.0011
-0.0485
0.0139
0.0168
-0.0788
-0.2471
0.0003
0.0000
0.0000
0.0000
0.0000
0.0000
0.0000
-0.0072
0.0099
0.2331
-0.0121
0.0176
0.2199
-0.0128
0.0209
0.2034
-0.0055
0.0117
0.2025
0.0025
-0.0039
0.1942
0.0116
-0.0201
0.1938
0.0210
-0.0308
0.1987
0.0326
-0.0408
0.2303
0.0191
-0.0197
0.2005
0.0048
-0.0042
0.1949
0.0127
-2.0715
-0.0788
10.2543
0.1358
-1.1310
0.0000
0.0000
0.0000
0.0000
0.0000
0.0000
0.2270
0.0758
-0.0028
0.2050
0.0805
-0.0033
0.1818
0.0853
-0.0022
0.1713
0.1010
-0.0002
0.1632
0.1007
-0.0008
0.1640
0.0924
-0.0007
0.1742
0.0781
0.0024
0.2127
0.0723
0.0077
0.2100
0.0499
0.0062
0.2105
0.0470
0.0011
2.0584
-0.0131
-0.2471
0.1358
10.3145
0.3640
0.0000
0.0000
0.0000
0.0000
0.0000
0.0000
-0.0101
-0.0057
-0.0433
-0.0178
-0.0099
-0.0288
-0.0208
-0.0116
-0.0134
-0.0110
-0.0061
0.0053
0.0041
0.0022
0.0090
0.0198
0.0110
0.0011
0.0306
0.0171
-0.0160
0.0407
0.0228
-0.0382
0.0206
0.0116
-0.0547
0.0046
0.0026
-0.0575
0.0702
0.2362
0.0003
-1.1310
0.3640
0.3988
0.0000
0.0000
0.0000
0.0000
0.0000
0.0000
0.0363
-0.0092
-0.0002
0.0377
-0.0072
-0.0002
0.0404
-0.0045
-0.0002
0.0490
-0.0016
-0.0002
0.0498
0.0002
-0.0002
0.0448
-0.0010
-0.0002
0.0371
-0.0035
-0.0002
0.0351
-0.0077
-0.0002
0.0266
-0.0064
-0.0002
0.0255
-0.0062
-0.0002
0.0000
0.0000
0.0000
0.0000
0.0000
0.0000
0.3591
0.0000
0.1396
0.0517
2.1521
-0.1315
-0.0027
-0.0045
-0.0377
-0.0036
-0.0060
-0.0382
-0.0042
-0.0072
-0.0389
-0.0040
-0.0067
-0.0448
-0.0020
-0.0030
-0.0443
0.0002
0.0010
-0.0402
0.0012
0.0027
-0.0347
0.0012
0.0028
-0.0334
0.0001
0.0005
-0.0269
-0.0009
-0.0012
-0.0259
0.0000
0.0000
0.0000
0.0000
0.0000
0.0000
0.0000
0.3649
-0.0276
-1.9204
-0.0535
-0.7214
0.0094
-0.0016
0.0054
0.0125
-0.0011
0.0071
0.0172
-0.0002
0.0085
0.0250
0.0004
0.0079
0.0272
0.0004
0.0037
0.0229
-0.0005
-0.0009
0.0158
-0.0012
-0.0029
0.0101
-0.0019
-0.0030
0.0071
-0.0017
-0.0004
0.0067
-0.0015
0.0016
0.0000
0.0000
0.0000
0.0000
0.0000
0.0000
0.1396
-0.0276
0.0650
0.1636
0.8522
0.0018
0.0210
0.0220
0.1976
0.0301
0.0297
0.2022
0.0405
0.0364
0.2062
0.0398
0.0320
0.2176
0.0204
0.0145
0.2107
-0.0032
-0.0048
0.1990
-0.0132
-0.0141
0.1860
-0.0112
-0.0139
0.1770
-0.0011
-0.0031
0.1634
0.0080
0.0071
0.1610
0.0000
0.0000
0.0000
0.0000
0.0000
0.0000
0.0517
-1.9204
0.1636
10.1955
0.5718
3.6945
0.1984
-0.0495
0.0058
0.2127
-0.0385
0.0103
0.2399
-0.0230
0.0163
0.2892
-0.0067
0.0174
0.3051
0.0017
0.0084
0.2795
-0.0059
-0.0032
0.2336
-0.0212
-0.0075
0.1995
-0.0434
-0.0055
0.1729
-0.0412
-0.0017
0.1686
-0.0411
0.0016
0.0000
0.0000
0.0000
0.0000
0.0000
0.0000
2.1521
-0.0535
0.8522
0.5718
12.9655
-0.6493
-0.0234
0.0126
0.0484
-0.0304
0.0166
0.0617
-0.0364
0.0198
0.0796
-0.0320
0.0171
0.1047
-0.0151
0.0077
0.1135
0.0039
-0.0026
0.1015
0.0135
-0.0077
0.0781
0.0143
-0.0077
0.0499
0.0023
-0.0014
0.0433
-0.0085
0.0044
0.0416
0.0000
0.0000
0.0000
0.0000
0.0000
0.0000
-0.1315
-0.7214
0.0018
3.6945
-0.6493
1.6577
