  0.18840050
 -0.73876764
 -2.04634984
 -1.01897110
 -1.20793403
  0.15468560
 -1.34671379
 -1.39893153
  0.14187812
  1.90603253
  0.67808684
  1.46422514
 -1.92764208
 -0.43089202
 -0.73049957
 -0.67985540
 -2.57371962
 -1.30596482
  1.20115620
  0.68702345
  0.74935932
  1.48141437
 -0.87394613
  1.08542860
  0.05638675
  1.27915485
  0.98537545
 -0.93272141
  1.91506050
 -1.43916298
  0.15992957
  0.58325031
 -0.28463598
  0.43855560
  2.17504690
  1.55447876
  1.73057221
  0.54711887
 -0.68993161
  0.37106724
