  1.00542046
  0.12859311
  1.23663283
  0.49984741
  1.29857392
  0.54905065
  0.70311176
  0.99250225
 -2.84902525
 -0.43874370
 -0.36544718
 -1.19546207
 -0.09017565
 -0.63746099
  1.26423268
 -0.49137908
 -1.71784530
  1.67533754
 -0.32030364
 -1.34819079
 -1.48205242
 -0.15118973
  0.51123820
 -1.34874075
 -0.11628462
  0.32727805
  1.91076044
 -0.52857925
 -0.57707218
 -0.09647965
  2.17303582
 -0.50576317
 -0.69058314
  0.14593780
  0.26415926
  0.97159598
  0.13705641
  1.11961621
 -0.04609400
  0.65133088
  0.68002148
 -0.08742416
  1.55755505
  1.04042752
 -0.59612596
  1.05739967
  0.83497435
 -1.04188509
  1.19678127
 -1.43446021
 -0.10577170
 -0.53668116
 -0.05483634
 -0.52365748
 -0.57994123
  0.90119734
  0.08822624
  0.71137883
  0.77148528
  1.23915013
 -0.56975944
 -0.64886357
  0.34641530
  0.33223683
  1.55485888
  0.45187662
  0.18811121
  0.15191306
 -1.00774736
 -0.11831022
  0.67987596
  0.49500550
 -0.29991525
  1.76803698
 -1.85182763
 -0.73472643
  0.07614968
  1.19295106
  0.63951189
 -0.65133095
  0.55835338
  0.20463030
 -2.26898514
 -0.66859483
  0.01516591
  0.05961693
 -1.59177935
  0.26080039
 -0.53215819
 -1.70988100
 -0.07622822
 -0.53069835
 -0.38943309
  0.59821883
  0.30785260
  0.10384141
 -0.01757358
 -1.98253531
  1.46600068
 -0.35249917
 -1.08382443
  1.33349368
 -0.44416433
 -0.11013121
 -1.06268570
 -0.96823522
  0.07967511
 -1.12051313
 -0.73925753
  2.47826417
  1.02515033
 -2.58715114
 -0.97640367
  1.34067278
 -0.78626115
 -0.63461237
  0.75175349
  0.62883284
  0.30171353
 -0.07278720
  0.61558052
  0.24877062
  0.25700656
  0.28669005
 -0.51139394
 -0.57391820
 -0.05424559
  0.00406541
 -1.16438114
  0.20956172
 -1.23784618
 -1.39307204
 -0.87955482
  0.86050899
 -0.14118904
 -1.07496157
 -0.01517403
  0.50847033
 -0.26613075
  1.63780782
  0.41855937
 -0.68023925
 -0.07693427
  0.43217665
  0.76121704
 -0.43539034
 -0.54330901
 -1.24346841
 -0.65345479
  0.07921151
 -0.17246684
 -0.77820371
  0.78478048
  2.79324387
 -0.69256603
 -0.76108613
 -0.13722502
 -0.36158328
 -1.18441417
  0.60554219
  1.42221549
 -0.90150406
 -1.04325477
  0.78452887
 -0.69096080
  0.17862997
  0.79520853
  2.13856792
  1.34467862
 -1.38854854
  0.74253273
 -0.14883393
 -0.55080400
  1.57448482
 -0.14464152
 -1.16355522
 -0.15847567
 -0.66306594
 -2.80366838
 -1.24708035
  0.22519311
  1.07631706
  0.81978226
  0.04073255
 -1.71129787
  0.45983901
 -0.43832404
  0.52263896
  0.80699948
 -0.26549804
  1.74006865
  0.15064594
  1.22255674
  0.78634361
 -1.51760006
 -0.09175515
 -0.25868651
  1.48805357
 -2.00088105
  1.23826695
  0.07886220
 -0.04985355
 -0.29625454
  0.68438896
 -0.13506116
  0.13597709
 -0.33567882
 -0.08400969
 -0.26396886
 -1.34537650
 -0.76219486
 -1.16092341
 -0.09779752
  0.15064335
  0.15661345
 -1.40584430
  1.43996112
  0.79626141
  0.16750777
  1.38955457
 -0.55229431
 -0.89084882
  0.29979446
  0.55905822
  0.15316816
  0.73267059
  0.52218208
  0.37107080
  0.12738133
 -0.79973400
 -1.53004407
  0.24290696
 -0.18507246
  1.12633805
 -0.67016807
  0.06491956
 -0.76552233
 -1.92991784
  0.81534775
 -1.22321961
  0.63016501
 -0.93991271
 -2.17364593
 -0.39133938
  2.10795132
 -0.18473477
  1.47750770
  0.82153101
  0.79477369
  1.65267777
 -0.39439840
 -0.46236552
  0.82734615
 -0.30757666
 -0.39177707
  0.46058820
  0.12759152
  1.28086862
 -0.19838662
  0.29196041
  0.82222660
  0.09360777
 -1.68681475
  1.10744698
 -0.18421503
 -0.17194630
 -1.39768175
 -1.45492258
 -0.72290319
  0.22963292
  0.26564282
 -0.57233833
  0.42961445
 -0.78829186
  0.28639659
 -0.06147461
 -0.98151693
  1.18076644
  0.17287212
  0.17472255
  0.47159118
  2.04735921
 -0.64368398
 -1.45289729
 -0.63425461
 -1.11364115
 -0.89103295
  1.71062175
 -0.51743295
 -0.24791421
  2.06588479
 -0.43501862
  0.08513734
  0.66389210
  0.03009812
  0.21772281
 -1.48486074
 -0.64513508
  0.03766102
 -0.19966481
  1.10766693
 -2.42491962
  1.61996816
 -0.96770959
 -1.57559150
  0.82621092
  0.17125763
  0.06052109
 -0.94673233
 -1.03089771
 -0.84090493
 -0.29390037
  0.29320120
  0.74131547
  1.39403569
  0.04042085
  1.33201634
  1.04861742
 -1.23000341
 -0.48573144
 -1.04179001
  0.04512933
 -1.38023276
  1.03004930
  0.50907607
  0.04955841
 -1.51455668
 -1.04031748
  1.55520010
  0.05161884
 -0.00315750
 -0.48948170
 -0.37372205
  1.28211610
  1.43523547
  0.57239679
  1.32401239
  1.92389340
  0.85866435
 -1.21659344
 -0.48105186
  0.56671811
  0.02019811
 -0.61421215
  0.18981760
 -1.84203435
 -0.15705799
  0.49976210
  0.10636039
 -0.80157747
 -0.76525439
  2.09544758
  1.10803341
  0.92964254
  0.14451560
  0.12826351
 -0.13810136
  0.41788466
  0.53658885
 -1.73534910
  1.08773021
 -0.75013212
 -0.49287212
  0.54357878
 -0.71205082
 -0.73016126
  1.84308664
  1.11238502
  0.92951149
  0.64966714
  0.41524939
  1.54866561
 -1.61983578
  0.55846737
 -1.55104700
  0.60515899
  0.96901673
 -0.05406194
  1.81155033
  0.88137577
 -0.47850913
 -0.08051986
 -1.22704448
 -1.43368998
  0.31943534
 -0.52379198
  1.09300419
  0.68644962
 -1.71301655
  1.16488078
 -1.44086821
  0.23093480
  1.16337212
 -0.88325219
 -0.14373057
 -0.09823113
 -1.36163863
 -0.01713300
 -1.02900940
  0.71332184
