 -0.52665706
 -0.56103722
 -0.45237132
 -1.11457568
 -0.85906635
 -0.73061601
  0.70979265
 -1.25500690
  0.04424161
  0.28533055
 -1.44604715
  1.52900708
 -1.95701780
 -0.01601006
 -1.45893866
  0.03142068
 -0.42021562
 -0.46731458
 -0.80672377
  0.35046520
 -0.49217409
 -0.35851735
  1.03649120
  1.22419407
  0.68830043
 -0.23865542
  0.37434033
 -0.77851147
 -0.48477466
 -1.26846605
 -0.68009267
 -1.00749505
 -1.13305114
 -0.24810133
  1.27295943
 -0.46714371
  1.12924571
  0.47446098
  0.04372477
 -0.24694787
 -0.01549242
  3.48269739
  1.09368294
  0.70181678
  1.07355429
 -0.13993656
  1.54798583
  0.59281403
  0.19977478
 -1.10509768
 -0.70231094
 -0.14365350
 -0.60843232
 -0.86234873
 -0.13385787
  2.51766042
 -0.09011203
  1.89645330
 -0.24562719
  0.07023191
 -0.29545305
  0.95427015
  0.99340747
  0.22854148
  2.28550810
  2.09221125
 -0.21495740
  1.30101963
  0.87133138
 -1.23903087
 -0.11932002
  0.80854728
  1.43662250
 -0.56985037
 -0.95717527
 -1.54980298
 -0.46797526
 -0.96443950
 -0.00364592
 -0.45281276
  0.86570656
  0.18240806
  0.60260057
 -1.17236290
 -0.34497924
 -0.18279599
 -0.80104904
 -0.16083654
  0.28890638
  0.00038930
  1.27406795
 -0.71348580
 -0.29524972
 -0.11661178
  0.69070665
  0.41540812
 -1.54892712
 -1.21473910
  0.36903093
  0.38038781
  0.46667939
 -0.05737216
  1.49293023
  0.71474003
 -2.23967394
 -2.61207896
 -1.03182338
  0.81844200
  0.21422881
 -0.21842315
  0.72343622
  1.68472565
 -0.09267855
  3.10450511
  0.32135155
  0.59157074
 -0.88067955
  0.14886409
  0.59513454
 -0.77319657
 -0.13156184
  0.93660023
 -0.03895545
  0.82098230
  0.50019496
 -0.27167894
  0.71903556
 -0.82416557
 -0.84779876
 -1.31679940
 -0.52409540
  0.42889365
 -0.70377151
 -0.77543046
  0.21529407
 -0.54583799
 -0.84105965
 -0.83445490
 -1.29819698
  0.59018226
 -2.36356856
 -0.04783859
  0.07891718
  0.81983206
  0.35722863
  0.32018597
  1.43210209
 -1.67081077
 -0.94141123
 -1.06909891
 -0.53599945
 -1.27151563
  1.07216866
  0.03523362
 -0.00415914
  0.31391911
 -0.66678708
 -1.83074289
 -0.27197053
 -0.09315825
 -0.42854794
  2.76152374
 -0.02509730
 -0.49717307
  1.80799750
 -0.06152038
  0.96858863
  0.15708092
 -0.92005066
  1.53172574
 -0.21792810
  0.37592123
 -1.70986230
  1.74348036
  0.58234645
  1.84269886
 -0.16382991
  0.23458199
 -1.34677145
 -0.03414405
