-5.989970e-01
2.352477e-02
-5.861553e-01
-6.913291e-01
6.142766e-01
2.312305e-01
-5.532521e-01
-1.674265e+00
9.237332e-02
-5.841828e-01
8.882178e-01
-2.405115e+00
1.761201e-01
6.204233e-01
1.527658e+00
-2.488718e-01
-3.837984e-01
-5.021043e-01
-1.010908e+00
-1.969056e-01
-1.451370e-01
-5.893070e-01
2.950056e-01
3.122750e-01
-1.025816e-01
-3.280581e-01
4.911443e-01
5.673054e-01
1.274710e+00
1.157134e+00
6.611243e-01
9.955373e-02
-2.166550e+00
-1.420467e-01
1.276267e+00
-2.690760e+00
-1.349432e+00
-1.811860e+00
6.768692e-01
-9.694958e-02
-1.827269e+00
9.290150e-02
7.902284e-01
1.309230e+00
1.648371e+00
3.678655e-01
1.937048e+00
6.951761e-02
-1.026542e+00
9.783116e-02
7.033453e-01
2.175829e-01
-4.009839e-01
1.881634e-01
-1.543067e-02
-6.754707e-01
1.556208e+00
7.862383e-01
1.555055e+00
4.597634e-01
-1.382449e+00
2.248651e+00
-1.008297e+00
1.326377e+00
-7.281108e-02
3.781646e-01
5.534947e-01
-1.061372e+00
-1.960970e+00
-1.182449e+00
-2.376490e+00
6.415982e-01
-5.285760e-01
2.054442e-01
-1.833857e+00
-1.624804e+00
7.464879e-01
-1.404999e+00
1.046908e-01
-1.353518e+00
7.684185e-01
2.939026e-01
2.290971e+00
1.981421e+00
1.003923e+00
2.003151e-01
1.751058e+00
1.262785e-01
-3.788872e-02
4.822713e-01
6.006015e-01
-1.092592e+00
-6.723499e-01
1.316617e+00
1.208775e+00
7.519423e-01
-8.602055e-01
-9.834030e-01
-1.455510e+00
9.612940e-01
-9.692473e-01
8.136334e-01
6.602642e-01
2.069809e-01
2.624617e-01
2.162441e+00
-1.107070e-01
-1.251879e+00
-1.253722e+00
1.626695e+00
4.217578e-01
-2.819175e-01
4.525076e-01
-1.706167e+00
-1.250357e+00
-1.741458e+00
1.053981e+00
4.852799e-01
-6.123380e-01
-6.585109e-01
-1.833039e+00
8.520990e-01
7.208527e-01
-1.043799e+00
4.526508e-01
-1.411591e+00
2.711808e-01
6.766858e-01
-1.530293e+00
-1.754781e-03
-2.565578e+00
-1.638681e+00
6.483843e-01
-4.607286e-02
-1.392493e-02
-5.867791e-01
-1.726273e+00
3.892752e-01
-1.338615e+00
-2.129573e+00
-7.168510e-01
1.559200e+00
1.116801e+00
-1.561447e+00
-4.843471e-01
5.523996e-01
-8.387322e-02
-1.808330e+00
-3.062409e-01
8.818162e-01
