-1.419808e-01
6.332827e-01
-9.394061e-02
4.523124e-01
1.201119e+00
1.391725e+00
-1.433951e-01
-1.354154e-01
-2.179889e+00
1.462052e+00
-5.197954e-02
3.222864e-01
-6.064719e-01
1.109594e+00
5.166675e-01
1.836976e-01
3.594784e-01
-1.385422e+00
5.806241e-01
-5.614773e-02
6.287356e-01
-5.445266e-01
-8.528959e-03
7.902609e-01
3.099642e-01
-1.295791e+00
1.019425e+00
1.268260e+00
5.509231e-01
-3.320677e-01
-1.855039e+00
-2.438724e+00
1.347961e+00
8.969716e-01
9.947075e-01
-2.103064e+00
-2.727030e-02
2.976851e-01
3.351857e-01
-6.691806e-01
3.559794e-01
-2.879880e-01
3.915908e-01
-8.427227e-01
1.254287e+00
-4.337935e-02
-4.987239e-01
-1.888301e+00
3.688929e-01
-1.026195e-01
-1.861331e+00
5.233444e-02
-1.527279e+00
-1.557180e+00
1.311125e-01
1.583171e-01
-1.233582e+00
4.703412e-01
-6.766788e-01
8.000993e-01
-1.096480e+00
7.361433e-02
-1.445934e+00
3.382300e-02
1.389732e-02
1.196674e-01
1.131730e+00
1.589903e+00
2.590939e-01
1.105002e+00
3.918474e-01
-1.368649e+00
-8.633913e-01
9.991194e-01
-2.014527e-01
-3.768108e-01
1.238002e+00
1.805197e-01
6.678327e-01
-4.167485e-01
8.064650e-01
1.082275e-01
1.026263e+00
3.595046e-01
-1.560956e-01
-4.524937e-01
-6.979676e-03
-1.127272e+00
-8.167675e-01
-1.736990e+00
4.411633e-01
2.226033e-01
-9.205867e-01
-3.779455e-03
-3.604278e-02
-4.380960e-01
-5.728035e-01
-1.290977e-01
1.273967e+00
-4.604420e-02
5.768850e-01
1.321538e-01
8.143997e-01
-3.328348e-01
3.345726e-03
3.930053e-01
-4.417749e-01
2.086523e-01
-1.427025e+00
-1.348754e+00
3.118172e-01
-5.590520e-01
-1.262984e+00
-8.557683e-01
-6.715734e-02
6.719181e-01
-5.519852e-01
-1.076843e+00
-8.235970e-01
-3.161296e-01
-4.044741e-01
-2.923065e-01
5.261257e-01
-5.141075e-01
4.754160e-01
-5.758866e-01
-1.620026e+00
3.231432e-01
-1.969513e+00
4.768265e-01
1.133657e+00
-1.213555e+00
-5.466918e-01
2.286893e+00
8.180208e-01
-3.476789e-01
3.102691e-02
-1.159128e+00
-7.337214e-01
-2.510095e-01
1.506475e+00
-1.753319e+00
-1.615511e+00
-5.030402e-01
8.120980e-01
2.250076e+00
-9.395094e-01
1.147552e+00
7.912589e-01
2.198444e+00
-1.400925e+00
-1.478223e+00
-4.750854e-02
2.100290e-01
-9.417058e-01
-2.704888e-01
9.511458e-01
-1.519766e+00
-3.599434e-01
-1.259734e-01
3.796472e-01
-2.233292e-01
2.983382e-01
-2.107251e+00
-3.876855e-01
-5.236855e-01
6.144405e-02
7.155894e-01
-2.177916e+00
-1.168794e+00
7.324678e-01
1.631958e+00
8.191574e-01
1.882217e+00
4.982378e-01
1.433319e+00
-1.269778e+00
5.651115e-01
-2.049233e-01
-1.876683e+00
-6.595931e-01
1.138642e-01
-5.019897e-01
-9.392576e-01
1.083196e+00
1.833925e+00
3.634046e-01
-6.171109e-01
-1.150372e+00
-1.725193e+00
-3.905514e-01
-1.757908e+00
-1.565323e+00
7.434612e-01
-5.436427e-02
1.471646e+00
-1.100027e+00
-1.836844e-01
-3.692262e-01
-2.954219e-01
-2.622286e-01
7.246913e-03
6.862420e-02
1.165519e+00
-3.790288e-01
4.678904e-01
2.296126e-01
-6.139531e-01
-7.390485e-01
-1.216062e+00
5.146019e-02
7.417040e-01
-9.731353e-02
-1.678239e+00
-1.442419e+00
-1.641213e+00
-7.590107e-01
3.001525e-01
-3.338503e-01
-1.772920e+00
-5.097359e-01
1.083313e-01
1.340398e+00
1.257506e+00
-1.483218e+00
-4.197554e-01
-7.385292e-01
8.975461e-01
1.263134e+00
-1.018047e-01
-6.812212e-01
-3.545363e-01
-3.215819e-02
5.581010e-01
3.511568e-01
-1.406456e+00
-1.365543e+00
2.864093e-01
-3.016796e-01
-1.577904e+00
8.863294e-01
-3.239607e-01
1.182713e+00
-4.985484e-01
3.485902e-01
3.699773e-01
2.590008e-01
1.387211e+00
2.389202e-01
-3.948855e-01
1.130479e-01
1.034508e+00
-1.922358e-01
-1.397378e-01
9.149427e-02
-1.139800e+00
-1.156601e+00
-7.904800e-01
1.194170e+00
9.767222e-01
-1.078331e+00
-7.062315e-01
-1.113772e+00
-9.142335e-01
4.527470e-01
8.507015e-01
1.161569e+00
8.269587e-01
5.378096e-01
4.072257e-01
9.703954e-01
-1.889786e+00
1.758026e+00
-8.555183e-02
9.539109e-01
1.171680e+00
2.719158e+00
-1.217255e+00
-1.358136e+00
-1.845546e+00
5.078382e-01
1.323026e+00
1.420772e+00
-9.523121e-01
1.220126e+00
3.779404e-01
-7.605672e-01
2.072956e-01
-3.218787e-01
3.525659e-01
4.480620e-01
-6.723739e-01
-2.283137e-01
-5.712133e-01
4.093132e-01
-1.717075e+00
6.252613e-01
1.576595e+00
9.198175e-01
-8.669359e-01
-2.370065e-01
-2.034258e+00
1.094818e+00
-1.463738e+00
-9.630495e-01
1.132624e+00
9.351029e-01
-4.475945e-01
-1.630014e+00
-1.430853e+00
-1.197170e+00
-4.631465e-01
-2.927188e+00
7.500025e-01
-4.008279e-01
-1.384873e-01
-4.359389e-01
1.865468e-01
-7.557592e-02
5.186146e-01
2.022138e+00
-1.985333e+00
5.354652e-01
-1.363180e+00
1.927042e+00
1.048821e-02
-1.233698e+00
-7.864107e-01
-5.080440e-01
-1.408508e+00
1.469287e+00
-1.670288e+00
-2.356593e-01
-1.751126e+00
4.853885e-01
-4.822608e-01
1.196480e+00
-9.605251e-01
1.054395e-01
-6.343121e-01
-9.537975e-01
9.244964e-01
1.727732e+00
9.809417e-01
1.830348e+00
3.805606e-01
5.179324e-01
3.770162e-01
-5.333086e-01
9.021430e-01
-4.918770e-01
3.136648e-01
1.218269e+00
7.559434e-02
-1.105802e+00
-5.495522e-01
-1.299644e+00
5.548775e-01
-1.073982e+00
-1.364997e+00
1.132575e+00
-1.702695e+00
8.503005e-01
1.846863e-01
-2.524293e-03
-1.108996e+00
-7.536256e-01
-5.014487e-02
1.331198e+00
-1.066958e+00
5.492641e-01
-8.995171e-01
7.760140e-01
-1.665654e-01
3.251722e-02
2.026974e+00
-4.288871e-01
1.499891e+00
-3.166123e-01
-3.411290e-01
4.030289e-01
-1.457326e+00
-1.910023e-01
-1.637624e-01
9.498491e-01
5.775525e-01
-2.478601e+00
5.818190e-01
6.135826e-02
3.519651e-01
-6.531284e-01
1.620103e+00
1.740860e-01
9.495172e-01
-2.033459e+00
-7.627040e-01
5.930233e-01
-1.140789e-01
-3.199075e-02
-7.382234e-01
