 -0.10669995
  0.37439386
  0.60972091
 -0.78076874
  0.14331239
 -0.57362282
  0.92715620
  0.07707222
  0.28201785
  0.77473494
  0.81462210
  0.42333198
  0.74864276
 -0.76177813
  2.06241655
  1.71981981
  2.48636157
 -1.60975399
  0.24667978
 -0.32301005
 -0.75856160
  1.44797960
  0.33906577
 -2.04353815
  0.70944003
 -1.03031497
  1.53524693
 -1.29471097
  0.32129116
 -0.11760743
 -0.20346324
  0.58721199
 -0.94082168
  0.07819038
  1.97997542
  0.69681342
 -0.54474931
 -0.36894181
  0.99265778
 -0.16987150
  1.52268789
  0.74691030
 -0.29678580
  0.97253117
 -1.49864406
  1.38268863
 -0.32358152
  0.37185800
 -0.55645326
  0.29359640
  1.78533855
 -0.44252952
  0.25085120
 -0.77859087
 -0.16151249
  0.21322537
  0.09701906
  1.22705847
  1.29066828
  0.93552408
 -0.06198803
 -0.16753254
  1.44854112
 -0.77808902
  0.39011253
 -0.45245711
  1.01422373
  0.47301720
 -0.12127665
  1.15875074
  0.97889458
  0.26312906
 -2.14095731
 -0.74837048
 -1.16487867
 -0.04752996
 -0.71523924
 -2.39873561
 -0.36441223
 -1.55835790
 -0.31054820
  0.14064501
  1.69245339
 -1.34159812
 -0.15629500
  1.36211050
 -0.19671194
  1.41606754
 -0.00337239
 -1.00905277
 -0.54523997
  1.11145565
 -0.44423900
  1.46483152
 -0.61294655
 -0.35570676
  0.15509483
  0.85538991
  1.14926461
 -0.46404025
  1.43161970
 -0.51238251
  1.11991904
 -0.50059587
 -0.14582359
 -2.20886050
  0.16494550
 -0.32805694
  0.59532338
  1.25729852
  0.29740680
 -0.41358010
  1.49585582
 -1.60933720
 -0.56322524
  1.14202570
 -0.75675034
  0.84424875
 -0.88304674
 -0.22903925
 -0.63517636
 -0.72661583
 -0.46864516
  0.74483714
 -1.73270618
  0.22372981
 -1.42759460
 -0.30500005
 -0.09208906
  1.21436555
 -1.10990383
 -0.26132383
  1.11268453
 -1.19605892
 -1.81807150
  0.54397832
 -0.46326742
  1.67662922
 -1.02258066
  0.03156320
  0.36819460
 -0.00229264
 -0.15827420
 -1.08988146
 -0.55405365
  0.70104928
  1.09548012
  0.14608902
  0.36389772
  0.55765424
